1
[-0.19596177  0.9476009   0.04299501 -1.7768414 ]
191
[0, 9.156820938933716]
1
[-0.17700976  1.1422131   0.00745818 -2.0558531 ]
190
[0, 8.450015752449358]
1
[-0.15416549  1.337258   -0.03365888 -2.3462198 ]
189
[0, 7.07742427905367]
1
[-0.12742034  1.5326654  -0.08058328 -2.6490588 ]
188
[0, 4.456459665325105]
1
[-0.09676702  1.7282943  -0.13356446 -2.9652154 ]
186
[0.46327598486532884, -0.976930003907424]
0
[-0.06220114  1.5341747  -0.19286877 -2.7157807 ]
185
[-4.21247929034449, -3.7204960861664804]
1
[-0.03151765  1.7300886  -0.24718438 -3.0605555 ]
43

 ok=========================================
Episode =  493 ************************************************************
190
[0, 8.341982362319253]
1
[-0.02435177  0.18491437  0.02233746 -0.27671003]
190
[0, 8.358562538696061]
1
[-0.02065348  0.37971064  0.01680326 -0.56226486]
190
[0, 8.374976913309101]
1
[-0.01305927  0.5745928   0.00555796 -0.84960693]
190
[0, 8.39122714417601]
1
[-0.00156741  0.76963854 -0.01143418 -1.1405369 ]
189
[0, 6.870763221027563]
1
[ 0.01382536  0.96490806 -0.03424492 -1.4367837 ]
209
[0, 7.699142725251903]
1
[ 0.03312352  1.1604351  -0.06298059 -1.7399682 ]
208
[7.132831903199437, -3.4758193533211914]
0
[ 0.05633222  0.96608436 -0.09777996 -1.4675243 ]
207
[6.387144231790804, -9.341171714826073]
0
[ 0.0756539   0.7722858  -0.12713045 -1.2069166 ]
206
[5.435078447382119, -18.13112836987746]
0
[ 0.09109962  0.57901466 -0.15126878 -0.95662516]
206
[5.480727662908298, -18.13112836987746]
0
[ 0.10267992  0.386215   -0.17040128 -0.71503174]
205
[3.4570788881236787, -28.300043703311033]
0
[ 0.11040422  0.19381009 -0.18470192 -0.48046023]
205
[3.522508099242442, -28.300043703311033]
0
[ 0.11428042  0.00170993 -0.19431111 -0.25120524]
205
[3.5872830182500177, -28.300043703311033]
0
[ 0.11431462 -0.19018331 -0.19933522 -0.02555092]
205
[3.651410188067518, -28.300043703311033]
0
[ 0.11051095 -0.3819715  -0.19984624  0.19821759]
205
[3.714896086186843, -28.300043703311033]
0
[ 0.10287152 -0.57375765 -0.19588189  0.42180666]
205
[3.7777471253249746, -28.300043703311033]
0
[ 0.09139637 -0.7656436  -0.18744576  0.64690953]
205
[3.8399696540717247, -28.300043703311033]
0
[ 0.0760835  -0.95772785 -0.17450756  0.875202  ]
205
[3.9015699575310077, -28.300043703311033]
0
[ 0.05692894 -1.150103   -0.15700352  1.1083369 ]
206
[5.3437919965486, -18.13112836987746]
0
[ 0.03392688 -1.3428527  -0.13483678  1.3479357 ]
206
[5.3903540765831135, -18.13112836987746]
0
[ 0.00706982 -1.5360471  -0.10787807  1.5955749 ]
207
[6.337586868876114, -9.341171714826073]
0
[-0.02365112 -1.729737   -0.07596657  1.8527662 ]
188
[0, 4.1525085374304735]
1
[-0.05824586 -1.5338665  -0.03891125  1.537495  ]
189
[0, 6.976609744197478]
1
[-0.08892319 -1.3382984  -0.00816135  1.232928  ]
189
[0, 7.006843646755503]
1
[-0.11568916 -1.1430725   0.01649721  0.93769944]
190
[0, 8.27047311965089]
1
[-0.13855061 -0.9481768   0.0352512   0.65024567]
190
[0, 8.287768388454381]
1
[-0.15751414 -0.75356317  0.04825611  0.36886823]
191
[0, 9.101640262760787]
1
[-0.1725854  -0.55915886  0.05563347  0.09178307]
191
[0, 9.11062386013318]
1
[-0.18376859 -0.36487666  0.05746914 -0.1828416 ]
191
[0, 9.119517621531847]
1
[-0.19106612 -0.1706221   0.05381231 -0.45685577]
191
[0, 9.128322445316527]
1
[-0.19447856  0.02369942  0.04467519 -0.73210293]
191
[0, 9.137039220863363]
1
[-0.19400457  0.21817648  0.03003313 -1.0103973 ]
190
[0, 8.378139173257415]
1
[-0.18964104  0.41288504  0.00982518 -1.2935001 ]
190
[0, 8.39435778152484]
1
[-0.18138334  0.6078808  -0.01604482 -1.5830909 ]
189
[0, 7.150501862848533]
1
[-0.16922572  0.8031899  -0.04770663 -1.8807338 ]
188
[0, 4.465152560665199]
1
[-0.15316193  0.99879783 -0.08532131 -2.1878324 ]
187
[3.1462341766812654, -2.7497772773943057]
0
[-0.13318597  0.8045988  -0.12907796 -1.9226476 ]
186
[0.18210373862381268, -0.976930003907424]
0
[-0.117094    0.61107796 -0.16753091 -1.6726247 ]
186
[0.2802827012375746, -0.976930003907424]
0
[-0.10487244  0.4182511  -0.2009834  -1.436458  ]
185
[-4.21247929034449, -3.7204960861664804]
1
[-0.09650741  0.61520225 -0.22971256 -1.7846301 ]
39

 ok=========================================
Episode =  494 ************************************************************
189
[0, 6.937315407023548]
1
[-0.03259404  0.19448373 -0.03341417 -0.27285925]
189
[0, 6.967942252953313]
1
[-0.02870437  0.39006612 -0.03887135 -0.575891  ]
189
[0, 6.99826283042378]
1
[-0.02090304  0.5857108  -0.05038917 -0.88056165]
188
[0, 4.401798380499994]
1
[-0.00918883  0.7814797  -0.06800041 -1.1886505 ]
188
[0, 4.457780396694994]
1
[ 0.00644077  0.9774141  -0.09177341 -1.5018494 ]
207
[6.177553950357246, -9.341171714826073]
0
[ 0.02598905  0.7835184  -0.12181041 -1.2391734 ]
207
[6.215778410853673, -9.341171714826073]
0
[ 0.04165941  0.59015304 -0.14659387 -0.98699826]
206
[5.521701487123653, -18.13112836987746]
0
[ 0.05346248  0.39726576 -0.16633384 -0.743715  ]
206
[5.566484472252416, -18.13112836987746]
0
[ 0.06140779  0.20478225 -0.18120813 -0.5076516 ]
205
[4.092354241467281, -28.300043703311033]
0
[ 0.06550343  0.01261395 -0.19136117 -0.27710292]
205
[4.151430699052608, -28.300043703311033]
0
[ 0.06575572 -0.1793363  -0.19690323 -0.05035071]
205
[4.209916392062082, -28.300043703311033]
0
[ 0.06216899 -0.37117004 -0.19791023  0.17432356]
205
[4.267817228141461, -28.300043703311033]
0
[ 0.05474559 -0.5629904  -0.19442376  0.398631  ]
205
[4.325139055860047, -28.300043703311033]
0
[ 0.04348578 -0.7548996  -0.18645115  0.62427   ]
205
[4.381887665301447, -28.300043703311033]
0
[ 0.02838779 -0.94699657 -0.17396575  0.85292184]
205
[4.438068788648432, -28.300043703311033]
0
[ 0.00944785 -1.1393747  -0.1569073   1.0862452 ]
206
[5.478147906759229, -18.13112836987746]
0
[-0.01333964 -1.3321187  -0.13518241  1.3258677 ]
186
[0.017409783358833864, -0.976930003907424]
0
[-0.03998201 -1.5252999  -0.10866506  1.5733731 ]
187
[2.948000095489282, -2.7497772773943057]
0
[-0.07048801 -1.7189709  -0.0771976   1.8302815 ]
188
[0, 4.6679822125576464]
1
[-0.10486743 -1.5230836  -0.04059197  1.5146519 ]
189
[0, 6.794598401626401]
1
[-0.1353291  -1.3274945  -0.01029893  1.2095792 ]
189
[0, 6.826652417610137]
1
[-0.16187899 -1.132241    0.01389266  0.9136868 ]
190
[0, 8.298467171028726]
1
[-0.1845238  -0.93730974  0.0321664   0.6254024 ]
190
[0, 8.315482499318438]
1
[-0.20327    -0.7426512   0.04467444  0.34302095]
191
[0, 9.077367824370194]
1
[-0.21812303 -0.5481924   0.05153486  0.06475362]
191
[0, 9.086594146126492]
1
[-0.22908688 -0.35384572  0.05282993 -0.21123478]
191
[0, 9.095728204665228]
1
[-0.2361638  -0.15951736  0.04860524 -0.48679584]
191
[0, 9.104770922618577]
1
[-0.23935413  0.03488626  0.03886932 -0.7637726 ]
190
[0, 8.400897353579913]
1
[-0.23865642  0.22945195  0.02359387 -1.043976  ]
190
[0, 8.416888380044114]
1
[-0.23406738  0.4242528   0.00271435 -1.32916   ]
190
[0, 8.432719496243672]
1
[-0.22558232  0.6193404  -0.02386885 -1.6209923 ]
189
[0, 6.990849221241708]
1
[-0.2131955   0.81473523 -0.0562887  -1.9210178 ]
188
[0, 4.912697847448258]
1
[-0.1969008   1.0104148  -0.09470905 -2.2306125 ]
187
[3.173318485070542, -2.7497772773943057]
0
[-0.1766925  0.816311  -0.1393213 -1.9685645]
186
[0.3809888136169859, -0.976930003907424]
0
[-0.16036628  0.62290925 -0.1786926  -1.7221009 ]
185
[-4.21247929034449, -3.7204960861664804]
1
[-0.1479081   0.81957084 -0.21313462 -2.0646524 ]
36

 ok=========================================
Episode =  495 ************************************************************
210
[0, 8.290843159595074]
1
[ 0.01415227  0.18074654  0.01684515 -0.25162035]
210
[0, 8.307934727999124]
1
[ 0.0177672   0.37562394  0.01181274 -0.53894275]
210
[0, 8.324855380719132]
1
[ 0.02527967  0.57057786  0.00103389 -0.8278803 ]
210
[0, 8.34160682691194]
1
[ 0.03669123  0.7656857  -0.01552372 -1.120238  ]
209
[0, 7.671183324014662]
1
[ 0.05200494  0.9610078  -0.03792848 -1.4177495 ]
209
[0, 7.694471490774515]
1
[ 0.0712251   1.1565782  -0.06628346 -1.7220426 ]
208
[7.094391693740667, -3.4758193533211914]
0
[ 0.09435666  0.9622748  -0.10072432 -1.4507005 ]
207
[6.191153703609435, -9.341171714826073]
0
[ 0.11360216  0.7685245  -0.12973833 -1.1911111 ]
206
[5.031899996585602, -18.13112836987746]
0
[ 0.12897265  0.5753     -0.15356055 -0.94174623]
206
[5.081580996619746, -18.13112836987746]
0
[ 0.14047866  0.3825435  -0.17239548 -0.7009834 ]
205
[4.58729522139192, -28.300043703311033]
0
[ 0.14812952  0.19017722 -0.18641514 -0.46714482]
205
[4.641422269178, -28.300043703311033]
0
[ 0.15193306 -0.0018895  -0.19575804 -0.23852529]
205
[4.695008046486221, -28.300043703311033]
0
[ 0.15189527 -0.1937548  -0.20052855 -0.01341009]
205
[4.748057966021359, -28.300043703311033]
0
[ 0.14802018 -0.3855207  -0.20079675  0.20991358]
205
[4.800577386361145, -28.300043703311033]
0
[ 0.14030977 -0.57729006 -0.19659847  0.43314978]
205
[4.852571612497534, -28.300043703311033]
0
[ 0.12876396 -0.7691647  -0.18793549  0.65798914]
205
[4.904045896372559, -28.300043703311033]
0
[ 0.11338067 -0.96124274 -0.17477569  0.8861047 ]
205
[4.9550054374088335, -28.300043703311033]
0
[ 0.09415582 -1.1536164  -0.1570536   1.1191463 ]
206
[5.0862794668830436, -18.13112836987746]
0
[ 0.07108349 -1.3463689  -0.13467067  1.3587325 ]
206
[5.135416672214213, -18.13112836987746]
0
[ 0.04415611 -1.5395699  -0.10749602  1.6064361 ]
207
[6.124909332941195, -9.341171714826073]
0
[ 0.01336471 -1.733269   -0.0753673   1.8637648 ]
208
[7.042156357691449, -3.4758193533211914]
0
[-0.02130067 -1.9274887  -0.03809201  2.1321304 ]
189
[0, 6.833907105387881]
1
[-0.05985044 -1.7320106   0.0045506   1.8279296 ]
190
[0, 8.31862397653106]
1
[-0.09449065 -1.5369394   0.04110919  1.5366637 ]
190
[0, 8.335437736765748]
1
[-0.12522945 -1.3423357   0.07184246  1.2570875 ]
191
[0, 9.050374592178912]
1
[-0.15207615 -1.148203    0.09698422  0.9877432 ]
192
[0, 9.478126003411429]
1
[-0.17504022 -0.954504    0.11673908  0.72702867]
192
[0, 9.483344743377314]
1
[-0.1941303  -0.76117295  0.13127965  0.4732493 ]
193
[0, 9.682311022743072]
1
[-0.20935376 -0.56812567  0.14074464  0.22465545]
193
[0, 9.68548791251564]
1
[-0.22071627 -0.3752664   0.14523774 -0.0205304 ]
193
[0, 9.688633033390484]
1
[-0.2282216  -0.18249361  0.14482714 -0.26409528]
193
[0, 9.691746703056578]
1
[-0.23187147  0.01029623  0.13954523 -0.50782204]
193
[0, 9.694829236026013]
1
[-0.23166555  0.20320469  0.1293888  -0.75347865]
193
[0, 9.697880943665753]
1
[-0.22760145  0.39632788  0.11431922 -1.0028076 ]
192
[0, 9.50641826108646]
1
[-0.2196749   0.5897523   0.09426307 -1.2575139 ]
192
[0, 9.511354078475595]
1
[-0.20787984  0.78354996  0.06911279 -1.5192474 ]
191
[0, 9.09836847326805]
1
[-0.19220884  0.97777164  0.03872784 -1.7895814 ]
190
[0, 8.416427676385275]
1
[-0.17265342  1.1724384   0.00293621 -2.0699794 ]
190
[0, 8.432263399621423]
1
[-0.14920464  1.3675303  -0.03846338 -2.361753  ]
189
[0, 6.999192552736888]
1
[-0.12185404  1.562973   -0.08569843 -2.6660054 ]
187
[2.9902756297890165, -2.7497772773943057]
0
[-0.09059458  1.3685848  -0.13901854 -2.4006577 ]
186
[0.10804528450030404, -0.976930003907424]
0
[-0.06322289  1.1749239  -0.1870317  -2.153709  ]
185
[-4.21247929034449, -3.7204960861664804]
1
[-0.03972441  1.3713276  -0.23010588 -2.4978442 ]
43

 ok=========================================
Episode =  496 ************************************************************
210
[0, 8.297852643382067]
1
[ 0.03544256  0.21204986  0.01068491 -0.27685732]
210
[0, 8.314874116948246]
1
[ 0.03968356  0.40701777  0.00514776 -0.56615114]
210
[0, 8.331725375778765]
1
[ 0.04782391  0.6020671  -0.00617526 -0.8572079 ]
209
[0, 7.663519594133724]
1
[ 0.05986526  0.7972727  -0.02331942 -1.1518261 ]
209
[0, 7.686884398192388]
1
[ 0.07581071  0.992691   -0.04635594 -1.4517292 ]
208
[7.052992361407214, -3.4758193533211914]
0
[ 0.09566453  0.7981682  -0.07539053 -1.1738821 ]
208
[7.082462437793142, -3.4758193533211914]
0
[ 0.11162789  0.6041026  -0.09886817 -0.90575457]
207
[6.246212471839306, -9.341171714826073]
0
[ 0.12370995  0.41044843 -0.11698326 -0.6457117 ]
207
[6.283750347120913, -9.341171714826073]
0
[ 0.1319189   0.21713413 -0.12989749 -0.39203686]
206
[5.273116844957499, -18.13112836987746]
0
[ 0.1362616   0.02407182 -0.13773823 -0.14296572]
206
[5.320385676507924, -18.13112836987746]
0
[ 0.13674304 -0.1688363  -0.14059755  0.10328879]
206
[5.367181819742846, -18.13112836987746]
0
[ 0.1333663  -0.36169267 -0.13853177  0.3485192 ]
206
[5.413510001545418, -18.13112836987746]
0
[ 0.12613246 -0.5546004  -0.13156138  0.5945105 ]
206
[5.459374901529963, -18.13112836987746]
0
[ 0.11504044 -0.7476594  -0.11967117  0.84302884]
207
[6.2299558284549965, -9.341171714826073]
0
[ 0.10008726 -0.9409626  -0.1028106   1.0958105 ]
207
[6.267656270170447, -9.341171714826073]
0
[ 0.08126801 -1.1345915  -0.08089439  1.354547  ]
208
[7.036375316479365, -3.4758193533211914]
0
[ 0.05857617 -1.3286103  -0.05380345  1.6208665 ]
208
[7.0660115633145715, -3.4758193533211914]
0
[ 0.03200397 -1.5230588  -0.02138611  1.8963066 ]
209
[0, 7.652965270899798]
1
[ 1.5427923e-03 -1.3277118e+00  1.6540019e-02  1.5970662e+00]
210
[0, 8.288269601672923]
1
[-0.02501144 -1.1327897   0.04848134  1.3095856 ]
191
[0, 9.04601011681592]
1
[-0.04766724 -0.9383144   0.07467305  1.0324632 ]
191
[0, 9.05555001564776]
1
[-0.06643353 -0.7442608   0.09532232  0.7641275 ]
192
[0, 9.47907183322216]
1
[-0.08131874 -0.5505718   0.11060487  0.5028953 ]
192
[0, 9.48428111488994]
1
[-0.09233018 -0.35716835  0.12066277  0.24701437]
192
[0, 9.489438303741041]
1
[-0.09947354 -0.1639578   0.12560306 -0.00530539]
192
[0, 9.49454392070363]
1
[-0.1027527   0.02915994  0.12549695 -0.25586975]
192
[0, 9.499598481496594]
1
[-0.10216951  0.22228752  0.12037955 -0.50648355]
192
[0, 9.50460249668163]
1
[-0.09772375  0.41552582  0.11024988 -0.7589372 ]
192
[0, 9.509556471714813]
1
[-0.08941323  0.60896987  0.09507114 -1.0149937 ]
192
[0, 9.514460906997664]
1
[-0.07723384  0.8027043   0.07477127 -1.2763741 ]
191
[0, 9.103111479072979]
1
[-0.06117975  0.9967973   0.04924379 -1.544738  ]
191
[0, 9.11208036428225]
1
[-0.04124381  1.1912943   0.01834903 -1.821658  ]
190
[0, 8.3189643894056]
1
[-0.01741792  1.3862078  -0.01808413 -2.1085846 ]
189
[0, 6.668398104144211]
1
[ 0.01030624  1.5815059  -0.06025583 -2.4068005 ]
208
[7.148177281364096, -3.4758193533211914]
0
[ 0.04193636  1.3869573  -0.10839184 -2.1332116 ]
207
[6.374164421636545, -9.341171714826073]
0
[ 0.0696755   1.1930635  -0.15105607 -1.8758825 ]
206
[5.574133435937917, -18.13112836987746]
0
[ 0.09353677  0.9998786  -0.18857372 -1.6336467 ]
205
[5.017270045687424, -28.300043703311033]
0
[ 0.11353435  0.8074042  -0.22124666 -1.4051659 ]
38

 ok=========================================
Episode =  497 ************************************************************
211
[0, 8.645314616021546]
1
[ 0.02349614  0.1582967   0.05070972 -0.23366442]
211
[0, 8.65886146986133]
1
[ 0.02666207  0.3526588   0.04603643 -0.50993055]
211
[0, 8.672272855162717]
1
[ 0.03371524  0.547103    0.03583782 -0.7877579 ]
210
[0, 8.373583552019063]
1
[ 0.0446573   0.74171484  0.02008266 -1.0689541 ]
210
[0, 8.389847716498872]
1
[ 5.9491601e-02  9.3656552e-01 -1.2964207e-03 -1.3552673e+00]
209
[0, 7.733613007960381]
1
[ 0.07822292  1.1317037  -0.02840177 -1.6483555 ]
209
[0, 7.756276877880777]
1
[ 0.10085699  1.3271459  -0.06136888 -1.9497496 ]
208
[7.107034351174975, -3.4758193533211914]
0
[ 0.1273999   1.132728   -0.10036387 -1.6767027 ]
207
[6.338419988707303, -9.341171714826073]
0
[ 0.15005447  0.9389033  -0.13389792 -1.4168862 ]
206
[5.568274396455994, -18.13112836987746]
0
[ 0.16883253  0.74566925 -0.16223565 -1.1688781 ]
206
[5.612591652491434, -18.13112836987746]
0
[ 0.18374592  0.5529859  -0.18561321 -0.9311367 ]
205
[5.017270045687424, -28.300043703311033]
0
[ 0.19480564  0.36078808 -0.20423594 -0.70204943]
205
[5.06709734523055, -28.300043703311033]
0
[ 0.20202139  0.16899416 -0.21827693 -0.47996667]
13
Failed
Episode =  498 ************************************************************
210
[0, 8.34688811556542]
1
[ 0.00672228  0.22753233  0.01243212 -0.28380656]
210
[0, 8.363419234409767]
1
[ 0.01127293  0.42247477  0.00675599 -0.57254267]
210
[0, 8.37978504206567]
1
[ 0.01972243  0.6175014  -0.00469487 -0.8630896 ]
209
[0, 7.720282281698447]
1
[ 0.03207245  0.8126869  -0.02195666 -1.157245  ]
209
[0, 7.743079458881462]
1
[ 0.04832619  1.0080881  -0.04510156 -1.4567308 ]
208
[7.066788715041135, -3.4758193533211914]
0
[ 0.06848796  0.8135477  -0.07423618 -1.1784723 ]
208
[7.096120827890723, -3.4758193533211914]
0
[ 0.08475891  0.6194641  -0.09780562 -0.9099542 ]
207
[6.305722685517612, -9.341171714826073]
0
[ 0.09714819  0.42579213 -0.11600471 -0.64954364]
207
[6.342665458662436, -9.341171714826073]
0
[ 0.10566403  0.23246084 -0.12899558 -0.39552474]
206
[5.60288679135416, -18.13112836987746]
0
[ 0.11031325  0.03938257 -0.13690607 -0.14613321]
206
[5.646857923440618, -18.13112836987746]
0
[ 0.1111009  -0.1535403  -0.13982874  0.10041855]
206
[5.690389344206213, -18.13112836987746]
0
[ 0.1080301  -0.34641019 -0.13782036  0.3459239 ]
206
[5.733485450764151, -18.13112836987746]
0
[ 0.10110189 -0.5393301  -0.13090189  0.5921688 ]
206
[5.776150596256509, -18.13112836987746]
0
[ 0.09031529 -0.73240006 -0.11905851  0.84092075]
207
[6.312658724018068, -9.341171714826073]
0
[ 0.07566728 -0.92571306 -0.1022401   1.0939169 ]
207
[6.349532136777887, -9.341171714826073]
0
[ 0.05715302 -1.1193504  -0.08036176  1.3528501 ]
208
[7.054023786798236, -3.4758193533211914]
0
[ 0.03476601 -1.3133768  -0.05330476  1.6193492 ]
208
[7.0834835489302534, -3.4758193533211914]
0
[ 0.00849848 -1.5078316  -0.02091778  1.894953  ]
209
[0, 7.7047824973470185]
1
[-0.02165815 -1.3124893   0.01698129  1.5958543 ]
190
[0, 8.18722377983802]
1
[-0.04790794 -1.1175727   0.04889837  1.3085139 ]
191
[0, 9.049579122900528]
1
[-0.07025939 -0.9231033   0.07506865  1.0315287 ]
191
[0, 9.059083331671523]
1
[-0.08872145 -0.7290559   0.09569922  0.7633269 ]
192
[0, 9.482294849414465]
1
[-0.10330258 -0.5353731   0.11096576  0.5022247 ]
192
[0, 9.48747190092032]
1
[-0.11401004 -0.3419758   0.12101025  0.24646999]
192
[0, 9.492597181911117]
1
[-0.12084955 -0.14877129  0.12593965 -0.00572726]
193
[0, 9.68367049279696]
1
[-0.12382498  0.04434061  0.1258251  -0.2561725 ]
193
[0, 9.686833787868991]
1
[-0.12293816  0.23746254  0.12070166 -0.50667024]
192
[0, 9.514867808071733]
1
[-0.11818892  0.43069538  0.11056825 -0.7590105 ]
192
[0, 9.519719129991016]
1
[-0.109575    0.6241342   0.09538804 -1.014956  ]
192
[0, 9.524521938691107]
1
[-0.09709232  0.8178635   0.07508892 -1.2762275 ]
191
[0, 9.106581534951673]
1
[-0.08073505  1.0119519   0.04956437 -1.5444843 ]
191
[0, 9.115515719602156]
1
[-0.06049601  1.2064446   0.01867469 -1.821299  ]
190
[0, 8.282963522915265]
1
[-0.03636712  1.4013542  -0.01775129 -2.1081223 ]
189
[0, 6.7448942490525585]
1
[-0.00834004  1.5966493  -0.05991374 -2.4062374 ]
188
[0, 4.807026726359781]
1
[ 0.02359295  1.7922388  -0.10803849 -2.7166996 ]
207
[6.449441063911939, -9.341171714826073]
0
[ 0.05943773  1.5980431  -0.16237248 -2.4588058 ]
206
[5.8666748217924845, -18.13112836987746]
0
[ 0.09139859  1.4046254  -0.2115486  -2.2200236 ]
37

 ok=========================================
Episode =  499 ************************************************************
209
[0, 7.771154387797738]
1
[ 0.00756712  0.16227613 -0.01180292 -0.30788258]
209
[0, 7.793442843919761]
1
[ 0.01081264  0.35756427 -0.01796057 -0.6042643 ]
209
[0, 7.815508415480564]
1
[ 0.01796393  0.55293274 -0.03004586 -0.90254986]
209
[0, 7.837353331325758]
1
[ 0.02902258  0.74844855 -0.04809685 -1.2045233 ]
208
[7.16856561879846, -3.4758193533211914]
0
[ 0.04399155  0.5539801  -0.07218732 -0.9272931 ]
208
[7.196879962610476, -3.4758193533211914]
0
[ 0.05507115  0.35990322 -0.09073319 -0.6581406 ]
207
[6.4324976914820695, -9.341171714826073]
0
[ 0.06226922  0.16615349 -0.10389599 -0.39535043]
207
[6.468172714567249, -9.341171714826073]
0
[ 0.06559229 -0.02735266 -0.111803   -0.13714688]
207
[6.503490987421577, -9.341171714826073]
0
[ 0.06504524 -0.22071046 -0.11454594  0.11827733]
207
[6.538456077547361, -9.341171714826073]
0
[ 0.06063103 -0.41402078 -0.1121804   0.37273967]
207
[6.573071516771887, -9.341171714826073]
0
[ 0.05235061 -0.6073852  -0.1047256   0.62805134]
207
[6.607340801604169, -9.341171714826073]
0
[ 0.04020291 -0.8009017  -0.09216458  0.88600266]
207
[6.6412673935881275, -9.341171714826073]
0
[ 0.02418487 -0.9946597  -0.07444452  1.1483482 ]
208
[7.156116758582815, -3.4758193533211914]
0
[ 0.00429168 -1.1887351  -0.05147756  1.4167885 ]
208
[7.184555590996987, -3.4758193533211914]
0
[-0.01948302 -1.3831832  -0.02314179  1.6929466 ]
189
[0, 6.603037229519684]
1
[-0.04714669 -1.1878018   0.01071714  1.3931499 ]
190
[0, 8.16170765303847]
1
[-0.07090273 -0.99281496  0.03858014  1.103837  ]
190
[0, 8.180090576508086]
1
[-0.09075902 -0.79822105  0.06065688  0.8235032 ]
191
[0, 9.049430864704314]
1
[-0.10672344 -0.603979    0.07712694  0.5504981 ]
191
[0, 9.05893655605727]
1
[-0.11880302 -0.41002026  0.0881369   0.28307778]
192
[0, 9.491662082967647]
1
[-0.12700343 -0.21625876  0.09379846  0.01944237]
192
[0, 9.49674546213797]
1
[-0.13132861 -0.02259841  0.09418731 -0.24223487]
192
[0, 9.501778007516592]
1
[-0.13178058  0.17106079  0.08934261 -0.50378597]
192
[0, 9.506760227441426]
1
[-0.12835936  0.36481747  0.07926689 -0.76703   ]
191
[0, 9.107292487918631]
1
[-0.12106301  0.55876386  0.06392629 -1.033756  ]
191
[0, 9.116219563039444]
1
[-0.10988773  0.7529801   0.04325117 -1.3057039 ]
191
[0, 9.125057367409049]
1
[-0.09482813  0.9475278   0.01713709 -1.5845407 ]
190
[0, 8.276530296680665]
1
[-0.07587758  1.1424419  -0.01455372 -1.8718307 ]
189
[0, 6.777287195341177]
1
[-0.05302874  1.3377197  -0.05199033 -2.1689951 ]
188
[0, 5.006773749475878]
1
[-0.02627434  1.5333087  -0.09537023 -2.4772606 ]
187
[2.8009721424151426, -2.7497772773943057]
0
[ 0.00439183  1.339105   -0.14491545 -2.215275  ]
206
[5.8666748217924845, -18.13112836987746]
0
[ 0.03117393  1.1456362  -0.18922095 -1.97057   ]
205
[4.011941914819364, -28.300043703311033]
0
[ 0.05408666  0.9529499  -0.22863235 -1.7419989 ]
33

 ok=========================================
343
58 - 12
daomanh@MacBook-Pro-cua-Thanh-Manh-2 Visual Studio Code % 